332 8 2000
3 1
4 2
5 1
6 2
7 0
8 3
-
1 1
2 2
3 0
4 3
5 1
6 2
7 1
-
3 2
4 1
5 2
6 1
7 3
8 0
-
1 2
2 1
3 3
4 0
5 2
6 1
7 2
-
1 1
2 3
3 2
4 2
5 3
6 0
7 1
8 0
-
1 1
2 2
3 0
4 3
5 1
6 2
7 1
-
3 2
4 1
5 2
6 1
7 3
8 0
-
1 1
2 2
3 0
4 3
5 1
6 2
7 1
-
1 3
3 3
5 3
7 1
8 2
-
2 1
4 2
5 3
-
1 2
3 1
5 2
7 3
-
1 2
3 1
5 2
7 0
-
1 0
2 3
3 1
4 2
5 0
8 3
-
1 3
2 0
3 2
4 1
5 3
8 0
-
1 2
2 3
3 2
4 3
5 1
6 2
7 1
8 0
-
1 0
2 3
3 1
4 2
5 0
8 3
-
1 3
2 0
3 2
4 1
5 3
8 0
-
1 0
2 3
3 1
4 2
5 0
8 3
-
1 2
2 3
3 2
4 3
5 1
6 2
7 1
8 0
-
1 0
2 1
3 0
4 1
5 3
7 3
-
1 1
2.5 1
4 1
6 0
7 1
8 2
-
1 2
2.5 2
4 2
6 3
7 2
8 1
-