140 8 500
-
2 12
2 13
2 14
2 15
2 21
2 24
2 37
2 12
2.5 12
2.5 15
2.5 21
2.5 24
2.5 28
2.5 34
2.5 37
3 12
3 13
3 14
3 15
3 19
3 20
3 21
3 22
3 23
3 24
3 25
3 26
3 29
3 33
3 37 
3.5 10
3.5 14
3.5 16
3.5 25
3.5 30
3.5 32
3.5 35
3.5 36
3.5 37
4 11
4 13
4 16
4 25
4 31
4 37
4.5 12
4.5 16
4.5 25
4.5 32
4.5 37
5 13
5 16
5 20
5 21
5 22
5 23
5 24
5 25
5 33
5 37
-
2 12
2 13
2 19
2 20
2 21
2 22
2 23
2 24
2 25
2 31
2 32
2 33
2 34
2 35
2 36
2.5 11
2.5 14
2.5 22
2.5 31
3 12
3 13
3 21
3 22
3 23
3.5 10
3.5 11
3.5 14
3.5 20
3.5 24
3.5 31
3.5 32
3.5 36
4 9
4 12
4 14
4 15
4 21
4 22
4 23
4 30
4 33
4 35
4 36
4.5 9
4.5 12
4.5 14
4.5 15
4.5 20
4.5 21
4.5 22
4.5 23
4.5 24
4.5 30
4.5 33
4.5 35
4.5 36
5 10
5 11
5 14
5 22
5 31
5 32
5 36
-
2.0 22
2.0 23
2.0 24
2.0 25
2.0 31
2.0 34
2.5 9
2.5 10
2.5 11
2.5 12
2.5 13
2.5 14
2.5 15
2.5 16
2.5 17
2.5 22
2.5 31
2.5 34
3.0 13
3.0 22
3.0 29
3.0 30
3.0 31
3.0 32
3.0 33
3.0 34
3.0 35
3.0 36
3.5 13
3.5 16
3.5 20
3.5 21
3.5 22
3.5 23
3.5 24
3.5 25
3.5 26
3.5 27
3.5 35
4.0 16
4.0 23
4.0 24
4.0 35
4.5 16
4.5 22
4.5 25
4.5 35
5.0 10
5.0 11
5.0 12
5.0 13
5.0 14
5.0 15
5.0 16
5.0 23
5.0 24
5.0 30
5.0 31
5.0 32
5.0 33
5.0 34
5.0 35
-
2.0 13
2.0 14
2.0 24
2.0 25
2.0 33
2.0 34
2.0 35
2.0 36
2.5 12
2.5 15
2.5 23
2.5 26
2.5 33
3.0 13
3.0 14
3.0 24
3.0 25
3.0 33
3.5 11
3.5 13
3.5 16
3.5 22
3.5 23
3.5 27
3.5 32
3.5 33
3.5 36
4.0 12
4.0 15
4.0 16
4.0 21
4.0 24
4.0 26
4.0 27
4.0 32
4.0 33
4.0 36
4.5 13
4.5 16
4.5 21
4.5 24
4.5 26
4.5 27
4.5 31
4.5 32
4.5 33
4.5 34
4.5 36
4.5 37
5.0 10
5.0 11
5.0 12
5.0 13
5.0 14
5.0 16
5.0 22
5.0 23
5.0 27
5.0 33
5.0 36
-
0.5 8
0.5 9
0.5 10
0.5 11
0.5 12
1.0 13
1.5 9
1.5 10
1.5 11
1.5 12
1.5 21
2.0 8
2.0 20
2.5 9
2.5 10
2.5 11
2.5 12
2.5 13
2.5 15
2.5 16
2.5 17
2.5 18
2.5 19
2.5 20
2.5 21
2.5 22
2.5 23
2.5 24
3.0 14
3.0 19
3.0 25
3.5 15
3.5 18
3.5 25
4.0 16
4.0 17
4.0 21
4.0 22
4.0 23
4.0 24
4.0 25
4.0 29
4.0 30
4.0 31
4.0 32
4.0 33
4.0 34
4.0 35
4.0 36
4.0 37
4.0 38
4.0 39
4.5 20
5.0 21
5.0 22
5.0 23
5.0 24
5.0 25
5.0 26
5.0 36
5.0 37
5.5 27
5.5 35
6.0 28
6.0 34
6.5 29
6.5 33
7.0 30
7.0 32
7.5 31
-
2.5 1
2.5 2
2.5 3
2.5 4
2.5 5
2.5 6
2.5 9
2.5 10
2.5 11
2.5 12
2.5 15
2.5 16
2.5 17
2.5 18
2.5 19
2.5 20
2.5 26
2.5 35
2.5 36
2.5 37
2.5 38
2.5 39
2.5 43
3.0 1
3.0 8
3.0 13
3.0 15
3.0 26
3.0 35
3.0 40
3.0 43
3.5 1
3.5 8
3.5 13
3.5 15
3.5 26
3.5 35
3.5 40
3.5 43
4.0 1
4.0 2
4.0 3
4.0 4
4.0 5
4.0 8
4.0 13
4.0 15
4.0 16
4.0 17
4.0 18
4.0 19
4.0 22
4.0 23
4.0 24
4.0 25
4.0 26
4.0 27
4.0 35
4.0 36
4.0 37
4.0 38
4.0 39
4.0 43
4.0 44
4.0 45
4.0 46
4.0 47
4.5 6
4.5 8
4.5 13
4.5 20
4.5 23
4.5 26
4.5 35
4.5 40
4.5 43
4.5 48
5.0 6
5.0 8
5.0 13
5.0 20
5.0 24
5.0 26
5.0 35
5.0 40
5.0 43
5.0 48
5.5 1
5.5 2
5.5 3
5.5 4
5.5 5
5.5 9
5.5 10
5.5 11
5.5 12
5.5 15
5.5 16
5.5 17
5.5 18
5.5 19
5.5 25
5.5 26
5.5 35
5.5 36
5.5 37
5.5 38
5.5 39
5.5 43
5.5 44
5.5 45
5.5 46
5.5 47