350 8 2000
1 1
5 2
8 1
-
-
1 2
5 1
8 2
-
-
1 1
5 2
8 1
-
-
1 2
5 1
8 2
-
-
1 1
5 2
8 1
-
-
1 2
5 1
8 2
-
-
1 1
5 2
8 1
-
-
1 2
5 1
8 2
-
5 0
-
1 1
5 2
-
1 3
5 2
-
1 1
5 0
-
4 1
-
1 2
5 1
-
1 3
5 0
-
1 2
-
5 1
-
1 3
5 0
-
1 2
5 1
-
1 3
5 0
7 2
-
4 1
-
1 0
5 1
-
1 2
5 3
7 2
-
1 1
-
5 1
7 2
-
1 3
3 3
5 3
7 3
-
1 1
5 2
-
1 1
5 0
7 1
-
-
1 0
3 0
5 0
7 0
-
1 1
5 2
6 3 6
-
-
-
-
1 1
3 1
5 1
7 1
-
1 0
5 1
7 2
-
5 1
7 2
-
1 1
5 2
7 3
-
5 0
6.5 1
8 2
-
1 3
5 2
-
1 1
5 2
7 1
-
-
1 2
3 2
5 2
7 2
-
1 3
5 2
7 1
-
5 2
7 1
-
1 2
5 1
7 0
-
5 3
6.5 2
8 1
-
1 0
5 1
-
1 0
3 1
5 2
7 3
-
1 2
5 1
-
1 0
3 1
5 2
7 3
-
1 2
5 1
-
1 2
5 1
7 2
-
1 1
5 0
7 3
-
1 1
5 2
-
1 1
5 2
-
5 0
7 3
-
1 1
5 2
7 3
-
1 2
5 1
-
1 0